3 0.44970666666666664 0.5039714285714285 0.06042666666666673 0.8203142857142859
3 0.6894533333333334 0.5064190476190477 0.06371999999999996 0.797295238095238
3 0.6064466666666667 0.5046761904761905 0.06585999999999997 0.8175238095238094
3 0.7631866666666667 0.5050190476190476 0.06646666666666655 0.7958952380952381
3 0.2978533333333333 0.5060666666666667 0.06866666666666667 0.8244952380952382
3 0.22301999999999997 0.5158380952380952 0.06130666666666669 0.7958952380952381
3 0.3772 0.5269904761904762 0.06210000000000006 0.7917142857142857
3 0.15088 0.5186285714285713 0.06188666666666667 0.7931047619047619
3 0.84082 0.495952380952381 0.06597999999999987 0.8077523809523808
3 0.06781333333333334 0.5322285714285715 0.058559999999999994 0.7596285714285713
3 0.92676 0.4840952380952381 0.07092000000000007 0.836352380952381
3 0.5229466666666667 0.5039714285714285 0.06487999999999995 0.8175238095238094