3 0.3918466666666667 0.5039714285714285 0.06244000000000006 0.8363523809523808
3 0.68164 0.553847619047619 0.04733333333333333 0.7414857142857142
3 0.7421866666666667 0.5618761904761905 0.04232666666666652 0.7149809523809524
3 0.9067399999999999 0.5590857142857143 0.03622666666666676 0.7219619047619047
3 0.5454133333333333 0.5283904761904762 0.0545933333333334 0.8049619047619048
3 0.6171866666666667 0.5486190476190476 0.05233999999999999 0.7638095238095238
3 0.3042 0.5088571428571428 0.06097333333333336 0.8231047619047619
3 0.2218 0.4949047619047619 0.06842 0.8475142857142858
3 0.13171333333333332 0.48758095238095234 0.08385999999999999 0.8691428571428572
3 0.46826 0.5168761904761905 0.057586666666666585 0.8133333333333334
3 0.8491200000000001 0.5611714285714285 0.03875999999999991 0.7275428571428572
3 0.7944333333333334 0.568495238095238 0.04375999999999992 0.7177714285714286